[{"age":20,"Femme plus jeune":10.16,"Conjoints du meme age":66.01,"Femme plus agee":23.84},
{"age":21,"Femme plus jeune":16.49,"Conjoints du meme age":62.77,"Femme plus agee":20.75},
{"age":22,"Femme plus jeune":22.33,"Conjoints du meme age":58.48,"Femme plus agee":19.18},
{"age":23,"Femme plus jeune":27.13,"Conjoints du meme age":54.30,"Femme plus agee":18.57},
{"age":24,"Femme plus jeune":30.73,"Conjoints du meme age":51.84,"Femme plus agee":17.42},
{"age":25,"Femme plus jeune":33.91,"Conjoints du meme age":49.08,"Femme plus agee":17.01},
{"age":26,"Femme plus jeune":37.08,"Conjoints du meme age":46.29,"Femme plus agee":16.63},
{"age":27,"Femme plus jeune":39.77,"Conjoints du meme age":43.69,"Femme plus agee":16.54},
{"age":28,"Femme plus jeune":41.99,"Conjoints du meme age":42.20,"Femme plus agee":15.81},
{"age":29,"Femme plus jeune":44.11,"Conjoints du meme age":40.06,"Femme plus agee":15.83},
{"age":30,"Femme plus jeune":45.77,"Conjoints du meme age":38.53,"Femme plus agee":15.70},
{"age":31,"Femme plus jeune":47.37,"Conjoints du meme age":36.74,"Femme plus agee":15.90},
{"age":32,"Femme plus jeune":49.13,"Conjoints du meme age":35.37,"Femme plus agee":15.50},
{"age":33,"Femme plus jeune":50.50,"Conjoints du meme age":33.93,"Femme plus agee":15.56},
{"age":34,"Femme plus jeune":51.73,"Conjoints du meme age":32.41,"Femme plus agee":15.86},
{"age":35,"Femme plus jeune":52.19,"Conjoints du meme age":31.48,"Femme plus agee":16.33},
{"age":36,"Femme plus jeune":52.79,"Conjoints du meme age":31.12,"Femme plus agee":16.09},
{"age":37,"Femme plus jeune":52.49,"Conjoints du meme age":31.33,"Femme plus agee":16.18},
{"age":38,"Femme plus jeune":52.55,"Conjoints du meme age":31.26,"Femme plus agee":16.19},
{"age":39,"Femme plus jeune":52.67,"Conjoints du meme age":31.05,"Femme plus agee":16.29},
{"age":40,"Femme plus jeune":52.94,"Conjoints du meme age":31.17,"Femme plus agee":15.89},
{"age":41,"Femme plus jeune":53.61,"Conjoints du meme age":30.39,"Femme plus agee":16.00},
{"age":42,"Femme plus jeune":54.35,"Conjoints du meme age":29.38,"Femme plus agee":16.27},
{"age":43,"Femme plus jeune":55.02,"Conjoints du meme age":28.77,"Femme plus agee":16.20},
{"age":44,"Femme plus jeune":55.09,"Conjoints du meme age":28.42,"Femme plus agee":16.49},
{"age":45,"Femme plus jeune":55.76,"Conjoints du meme age":28.43,"Femme plus agee":15.81},
{"age":46,"Femme plus jeune":56.27,"Conjoints du meme age":28.15,"Femme plus agee":15.57},
{"age":47,"Femme plus jeune":56.39,"Conjoints du meme age":28.32,"Femme plus agee":15.29},
{"age":48,"Femme plus jeune":56.86,"Conjoints du meme age":28.07,"Femme plus agee":15.08},
{"age":49,"Femme plus jeune":57.18,"Conjoints du meme age":27.83,"Femme plus agee":14.99},
{"age":50,"Femme plus jeune":57.85,"Conjoints du meme age":27.46,"Femme plus agee":14.69},
{"age":51,"Femme plus jeune":58.17,"Conjoints du meme age":27.56,"Femme plus agee":14.27},
{"age":52,"Femme plus jeune":58.27,"Conjoints du meme age":27.24,"Femme plus agee":14.48},
{"age":53,"Femme plus jeune":58.56,"Conjoints du meme age":27.32,"Femme plus agee":14.12},
{"age":54,"Femme plus jeune":58.55,"Conjoints du meme age":27.28,"Femme plus agee":14.17},
{"age":55,"Femme plus jeune":58.46,"Conjoints du meme age":27.51,"Femme plus agee":14.03},
{"age":56,"Femme plus jeune":58.62,"Conjoints du meme age":27.84,"Femme plus agee":13.53},
{"age":57,"Femme plus jeune":58.46,"Conjoints du meme age":28.14,"Femme plus agee":13.39},
{"age":58,"Femme plus jeune":58.71,"Conjoints du meme age":28.19,"Femme plus agee":13.10},
{"age":59,"Femme plus jeune":58.72,"Conjoints du meme age":28.28,"Femme plus agee":13.00},
{"age":60,"Femme plus jeune":58.92,"Conjoints du meme age":28.72,"Femme plus agee":12.36},
{"age":61,"Femme plus jeune":59.05,"Conjoints du meme age":28.90,"Femme plus agee":12.05},
{"age":62,"Femme plus jeune":58.83,"Conjoints du meme age":29.99,"Femme plus agee":11.18},
{"age":63,"Femme plus jeune":59.54,"Conjoints du meme age":29.96,"Femme plus agee":10.50},
{"age":64,"Femme plus jeune":60.41,"Conjoints du meme age":29.61,"Femme plus agee":9.99},
{"age":65,"Femme plus jeune":61.74,"Conjoints du meme age":28.79,"Femme plus agee":9.47},
{"age":66,"Femme plus jeune":62.89,"Conjoints du meme age":27.75,"Femme plus agee":9.36},
{"age":67,"Femme plus jeune":64.23,"Conjoints du meme age":26.37,"Femme plus agee":9.40},
{"age":68,"Femme plus jeune":65.56,"Conjoints du meme age":24.85,"Femme plus agee":9.59},
{"age":69,"Femme plus jeune":65.96,"Conjoints du meme age":24.24,"Femme plus agee":9.79},
{"age":70,"Femme plus jeune":65.77,"Conjoints du meme age":24.08,"Femme plus agee":10.15},
{"age":71,"Femme plus jeune":65.79,"Conjoints du meme age":23.70,"Femme plus agee":10.51},
{"age":72,"Femme plus jeune":65.32,"Conjoints du meme age":23.95,"Femme plus agee":10.73},
{"age":73,"Femme plus jeune":64.76,"Conjoints du meme age":24.41,"Femme plus agee":10.82},
{"age":74,"Femme plus jeune":64.81,"Conjoints du meme age":24.68,"Femme plus agee":10.51},
{"age":75,"Femme plus jeune":64.81,"Conjoints du meme age":24.85,"Femme plus agee":10.34},
{"age":76,"Femme plus jeune":65.17,"Conjoints du meme age":24.77,"Femme plus agee":10.07},
{"age":77,"Femme plus jeune":65.65,"Conjoints du meme age":24.69,"Femme plus agee":9.66},
{"age":78,"Femme plus jeune":66.51,"Conjoints du meme age":24.44,"Femme plus agee":9.04},
{"age":79,"Femme plus jeune":66.75,"Conjoints du meme age":24.54,"Femme plus agee":8.72},
{"age":80,"Femme plus jeune":67.40,"Conjoints du meme age":24.43,"Femme plus agee":8.17},
{"age":81,"Femme plus jeune":68.26,"Conjoints du meme age":23.82,"Femme plus agee":7.92},
{"age":82,"Femme plus jeune":68.81,"Conjoints du meme age":23.80,"Femme plus agee":7.39},
{"age":83,"Femme plus jeune":70.37,"Conjoints du meme age":22.45,"Femme plus agee":7.19},
{"age":84,"Femme plus jeune":71.30,"Conjoints du meme age":21.64,"Femme plus agee":7.06},
{"age":85,"Femme plus jeune":71.82,"Conjoints du meme age":21.62,"Femme plus agee":6.56},
{"age":86,"Femme plus jeune":72.02,"Conjoints du meme age":22.17,"Femme plus agee":5.81},
{"age":87,"Femme plus jeune":73.85,"Conjoints du meme age":20.61,"Femme plus agee":5.54},
{"age":88,"Femme plus jeune":75.74,"Conjoints du meme age":19.99,"Femme plus agee":4.27},
{"age":89,"Femme plus jeune":77.17,"Conjoints du meme age":19.25,"Femme plus agee":3.58},
{"age":90,"Femme plus jeune":80.51,"Conjoints du meme age":16.59,"Femme plus agee":2.90},
{"age":91,"Femme plus jeune":82.38,"Conjoints du meme age":15.50,"Femme plus agee":2.12},
{"age":92,"Femme plus jeune":85.49,"Conjoints du meme age":12.66,"Femme plus agee":1.85},
{"age":93,"Femme plus jeune":89.17,"Conjoints du meme age":9.33,"Femme plus agee":1.49},
{"age":94,"Femme plus jeune":91.76,"Conjoints du meme age":7.14,"Femme plus agee":1.09},
{"age":95,"Femme plus jeune":89.31,"Conjoints du meme age":9.51,"Femme plus agee":1.18},
{"age":96,"Femme plus jeune":89.31,"Conjoints du meme age":9.51,"Femme plus agee":1.18},
{"age":97,"Femme plus jeune":89.31,"Conjoints du meme age":9.51,"Femme plus agee":1.18},
{"age":98,"Femme plus jeune":89.31,"Conjoints du meme age":9.51,"Femme plus agee":1.18},
{"age":99,"Femme plus jeune":89.31,"Conjoints du meme age":9.51,"Femme plus agee":1.18},
{"age":100,"Femme plus jeune":89.31,"Conjoints du meme age":9.51,"Femme plus agee":1.18}]
